CPU	 9	 52,0333
CPU	 3	 52,2667
CPU	 5	 52,25
CPU	 7	 52,1334
CPU	 1	 56,8167
CPU	 11	 55,8333
CPU	 13	 54,65
CPU	 15	 54,5333
CPU	 17	 54,4166
CPU	 19	 54,3167
CPU	 25	 54,2
CPU	 27	 54,0667
CPU	 29	 53,9166
CPU	 31	 53,75
CPU	 33	 53,55
CPU	 35	 53,35
CPU	 21	 59,2833
CPU	 23	 59,1833
CPU	 37	 57,55
CPU	 39	 57,3833
CPU	 41	 57,35
CPU	 43	 66,55
CPU	 49	 55,2
CPU	 45	 71,4667
CPU	 47	 71,25
IO	 0	 82,5833
IO	 2	 82,4333
IO	 4	 82,2833
IO	 6	 82,1167
IO	 8	 81,95
IO	 10	 81,7833
IO	 12	 80,5166
IO	 14	 80,3667
IO	 16	 80,1833
IO	 18	 80
IO	 20	 79,8167
IO	 22	 79,65
IO	 24	 79,4333
IO	 26	 79,2334
IO	 28	 79,05
IO	 30	 78,85
IO	 32	 78,6167
IO	 34	 78,3667
IO	 36	 78,15
IO	 38	 77,9333
IO	 40	 77,7167
IO	 42	 77,4834
IO	 44	 77,2334
IO	 46	 72,2333
IO	 48	 62,25
IO	 50	 56,8334
IO	 52	 36,75
IO	 54	 23,8666
IO	 56	 23,65
IO	 58	 23,3667
CPU	 51	 48,4167
CPU	 53	 30,2167
CPU	 55	 27,45
CPU	 57	 27,25
CPU	 59	 27,2167
