CPU	 1	 49,65
CPU	 3	 49,5834
CPU	 5	 49,5333
CPU	 7	 49,45
CPU	 9	 49,3167
CPU	 11	 49,2334
CPU	 13	 49,2
CPU	 17	 49,1167
CPU	 19	 49,0333
CPU	 21	 48,95
CPU	 23	 48,8667
CPU	 25	 48,7833
CPU	 27	 48,6833
CPU	 29	 48,5667
CPU	 31	 48,4167
CPU	 33	 48,3
CPU	 35	 48,1667
CPU	 37	 48,0333
CPU	 39	 47,85
IO	 0	 52,5166
IO	 2	 52,3334
IO	 4	 52,1667
IO	 6	 51,9833
IO	 8	 51,8
IO	 10	 51,6167
IO	 12	 51,4167
IO	 14	 51,2333
IO	 16	 51,0333
IO	 18	 50,8333
IO	 20	 50,65
IO	 22	 50,45
IO	 24	 50,2333
IO	 26	 50
IO	 28	 49,7833
IO	 30	 49,5667
IO	 32	 49,3167
IO	 34	 49,0667
IO	 36	 48,8167
IO	 38	 48,5667
CPU	 15	 49,1833
