CPU	 3	 46,5667
CPU	 7	 46,15
CPU	 5	 41,75
CPU	 1	 51,1666
CPU	 9	 50,4333
CPU	 11	 49,45
CPU	 15	 49,3167
CPU	 17	 49,25
CPU	 19	 49,2167
CPU	 21	 49,1833
CPU	 23	 49,0667
CPU	 25	 48,9
CPU	 27	 48,75
CPU	 29	 48,6667
CPU	 33	 48,4833
CPU	 35	 48,35
CPU	 37	 48,2
CPU	 39	 48,1334
CPU	 13	 54,2667
CPU	 31	 52,3834
CPU	 43	 51,2833
CPU	 41	 55,8667
CPU	 45	 70,25
CPU	 47	 70,4
CPU	 49	 65,4667
CPU	 51	 64,85
CPU	 53	 60,3
CPU	 55	 56,5833
CPU	 57	 56,35
CPU	 59	 56,1
CPU	 61	 55,85
CPU	 63	 55,6
CPU	 67	 52,5834
CPU	 69	 52,4333
CPU	 73	 52,2334
CPU	 75	 52,1167
CPU	 77	 51,9167
IO	 0	 115,533
IO	 2	 115,383
IO	 4	 115,25
IO	 6	 115,1
IO	 8	 114,95
IO	 10	 113,933
IO	 12	 113,783
IO	 14	 113,617
IO	 16	 113,467
IO	 18	 113,3
IO	 20	 113,25
CPU	 71	 52,3333
CPU	 65	 60,15
CPU	 79	 55,3167
IO	 22	 113,067
IO	 24	 112,883
IO	 26	 112,7
IO	 28	 112,517
IO	 30	 112,35
IO	 32	 112,15
IO	 34	 111,967
IO	 36	 111,767
IO	 38	 111,567
IO	 40	 111,35
IO	 42	 111,133
IO	 44	 110,933
IO	 46	 105,95
IO	 48	 100,783
IO	 50	 90,6667
IO	 52	 70,4334
IO	 54	 62,4
IO	 56	 62,15
IO	 58	 61,8833
IO	 60	 61,6334
IO	 62	 61,3666
IO	 64	 61,0833
IO	 66	 58
IO	 68	 57,7167
IO	 70	 57,45
IO	 72	 57,15
IO	 74	 56,85
IO	 76	 56,55
IO	 78	 56,2333
