CPU	 3	 42,0833
CPU	 5	 42,0333
CPU	 7	 42
CPU	 9	 41,95
CPU	 11	 41,9
CPU	 13	 45,7334
CPU	 15	 44,4167
CPU	 17	 44,3667
CPU	 19	 44,3333
CPU	 23	 44,25
CPU	 27	 44,1667
CPU	 29	 44,0833
CPU	 31	 44,0167
CPU	 35	 43,95
CPU	 41	 43,85
CPU	 1	 51,5667
CPU	 25	 47,8667
CPU	 33	 46,95
CPU	 37	 46,5
CPU	 39	 46,4167
CPU	 21	 53,0167
CPU	 43	 50,45
CPU	 45	 60,2666
CPU	 47	 55,4166
CPU	 49	 55,5166
CPU	 53	 41,7
CPU	 57	 41,5833
CPU	 51	 50,45
CPU	 59	 41,5166
CPU	 55	 45,8667
CPU	 63	 42,85
CPU	 71	 42,5833
CPU	 73	 42,4833
CPU	 75	 42,4
CPU	 67	 42,7333
CPU	 61	 50,1
CPU	 65	 47,2167
CPU	 69	 46,6833
CPU	 77	 45,5833
CPU	 79	 50,2667
CPU	 81	 46,3666
CPU	 83	 46,2167
CPU	 85	 50,6667
CPU	 87	 50,3834
CPU	 89	 50,1166
CPU	 91	 55,0833
CPU	 93	 45,6
IO	 0	 128,383
IO	 2	 128,267
IO	 4	 128,15
IO	 6	 128,017
IO	 8	 127,883
IO	 10	 127,767
IO	 12	 127,633
IO	 14	 126,217
IO	 16	 126,083
IO	 18	 125,95
IO	 20	 125,833
IO	 22	 125,667
IO	 24	 125,517
IO	 26	 125,35
IO	 28	 125,217
IO	 30	 125,033
IO	 32	 124,883
IO	 34	 124,7
IO	 36	 124,55
IO	 38	 124,367
IO	 40	 124,2
IO	 42	 124
IO	 44	 123,817
IO	 46	 118,85
IO	 48	 113,683
IO	 50	 103,617
IO	 52	 88,3333
IO	 54	 79,8333
IO	 56	 79,65
IO	 58	 79,4334
IO	 60	 79,1833
IO	 62	 76,5833
IO	 64	 76,35
IO	 66	 76,1333
IO	 68	 75,9
IO	 70	 75,6333
IO	 72	 75,3833
IO	 74	 75,1333
IO	 76	 74,85
IO	 78	 74,6
IO	 80	 70,5833
IO	 82	 70,3167
IO	 84	 70,05
IO	 86	 69,7667
IO	 88	 69,5
IO	 90	 64,4667
IO	 92	 54,8167
IO	 94	 54,5333
IO	 96	 49,3333
IO	 98	 44,55
CPU	 95	 54,5333
CPU	 99	 44,95
CPU	 97	 45,2666
