CPU	 5	 44,3833
CPU	 7	 44,2167
CPU	 9	 44,0667
CPU	 11	 43,9833
CPU	 13	 43,8
CPU	 15	 43,6333
CPU	 17	 43,4833
CPU	 19	 43,3
CPU	 21	 43,1333
CPU	 23	 42,9333
CPU	 25	 42,7667
CPU	 27	 42,55
CPU	 29	 42,4
CPU	 31	 42,25
CPU	 33	 42,05
CPU	 35	 41,8833
CPU	 37	 41,7333
CPU	 39	 41,5667
CPU	 1	 45,9333
CPU	 3	 45,7667
IO	 0	 47,2334
IO	 2	 47,05
IO	 4	 46,8666
IO	 6	 46,6667
IO	 8	 46,4833
IO	 10	 46,2833
IO	 12	 46,0834
IO	 14	 45,9
IO	 16	 45,7
IO	 18	 45,5
IO	 20	 45,3
IO	 22	 45,0834
IO	 24	 44,8833
IO	 26	 44,65
IO	 28	 44,4333
IO	 30	 44,2
IO	 32	 43,9834
IO	 34	 43,75
IO	 36	 43,5167
IO	 38	 43,2833
