CPU	 3	 51,3
CPU	 5	 51,2
CPU	 7	 51,05
CPU	 9	 50,9
CPU	 1	 51,3833
CPU	 13	 56,1167
CPU	 15	 56,0333
CPU	 17	 55,9833
CPU	 19	 55,9
CPU	 23	 55,8167
CPU	 25	 55,7
CPU	 27	 55,6167
CPU	 29	 55,5333
CPU	 31	 55,4833
CPU	 11	 57,3167
CPU	 39	 55,3667
CPU	 21	 59,9333
CPU	 33	 58,55
CPU	 35	 58,3833
CPU	 37	 58,1833
IO	 0	 64,75
IO	 2	 64,5833
IO	 4	 64,4
IO	 6	 64,2333
IO	 8	 64,0666
IO	 10	 63,8834
IO	 12	 62,6334
IO	 14	 62,45
IO	 16	 62,2666
IO	 18	 62,1
IO	 20	 61,9
IO	 22	 61,7167
IO	 24	 61,5167
IO	 26	 61,3
IO	 28	 61,0833
IO	 30	 60,8667
IO	 32	 60,6334
IO	 34	 60,4
IO	 36	 60,1666
IO	 38	 59,9166
