CPU	 1	 44,5
CPU	 3	 44,4167
CPU	 5	 44,3666
CPU	 7	 44,3167
CPU	 9	 44,25
CPU	 11	 44,2
CPU	 13	 44,15
CPU	 15	 44,0833
CPU	 19	 43,4333
CPU	 21	 43,3833
CPU	 23	 43,3333
CPU	 25	 43,2667
CPU	 27	 43,15
CPU	 29	 43,1167
CPU	 31	 43,0166
CPU	 33	 42,9667
CPU	 35	 42,9167
CPU	 37	 42,8667
CPU	 39	 42,7833
IO	 0	 51,25
IO	 2	 51,0667
IO	 4	 50,8833
IO	 6	 50,7
IO	 8	 50,5167
IO	 10	 50,3167
IO	 12	 50,1334
IO	 14	 49,95
IO	 16	 49,75
IO	 18	 47,8
IO	 20	 47,6167
IO	 22	 47,4166
IO	 24	 47,2
IO	 26	 46,9834
IO	 28	 46,7666
IO	 30	 46,5333
IO	 32	 46,3
IO	 34	 46,0667
IO	 36	 45,8333
IO	 38	 45,5833
CPU	 17	 45,25
