CPU	 5	 44,6333
CPU	 7	 44,6
CPU	 9	 44,5667
CPU	 11	 44,5333
CPU	 13	 44,4833
CPU	 15	 44,4333
CPU	 23	 44,1
CPU	 25	 44,0834
CPU	 27	 44,05
CPU	 33	 43,9667
CPU	 3	 49,0834
CPU	 17	 47,7334
CPU	 19	 47,5
CPU	 21	 47,4834
CPU	 29	 46,75
CPU	 31	 46,7
CPU	 35	 46,4166
CPU	 37	 42,6833
CPU	 1	 54,1666
CPU	 39	 46,1833
CPU	 41	 46,1
CPU	 43	 46,0166
CPU	 45	 50,4667
CPU	 47	 60,0833
CPU	 49	 55,3667
CPU	 51	 55,2167
CPU	 55	 42,4834
CPU	 57	 42,4167
CPU	 59	 42,3
CPU	 61	 42,2333
CPU	 63	 42,15
CPU	 65	 42,0166
CPU	 67	 41,9333
CPU	 53	 50,2
CPU	 71	 42,3
CPU	 73	 42,2
CPU	 75	 42,0834
CPU	 77	 42,0167
CPU	 79	 41,9166
IO	 0	 102,55
IO	 2	 102,417
IO	 4	 102,3
IO	 6	 102,15
IO	 8	 102
IO	 10	 101,85
IO	 12	 101,7
IO	 14	 101,517
IO	 16	 101,35
IO	 18	 101,167
IO	 20	 101,017
IO	 22	 100,817
IO	 24	 100,667
IO	 26	 100,5
IO	 28	 100,317
IO	 30	 100,133
IO	 32	 99,95
IO	 34	 99,7667
IO	 36	 95,8833
IO	 38	 95,7
IO	 40	 95,4833
IO	 42	 95,2833
IO	 44	 95,0833
IO	 46	 94,85
IO	 48	 89,7333
IO	 50	 79,65
IO	 52	 64,3833
IO	 54	 52
IO	 56	 51,7666
IO	 58	 51,5167
IO	 60	 51,2667
IO	 62	 51,0166
IO	 64	 50,7833
CPU	 69	 50,2167
IO	 66	 50,5333
IO	 68	 50,2833
IO	 70	 46,9833
IO	 72	 46,7167
IO	 74	 46,4667
IO	 76	 46,2167
IO	 78	 45,9333
