CPU	 3	 42,1833
CPU	 5	 42,1667
CPU	 9	 42,1334
CPU	 1	 46,75
CPU	 7	 46,1
CPU	 11	 45,7
CPU	 19	 44,3667
CPU	 29	 44,25
CPU	 15	 44,4
CPU	 13	 50,2666
CPU	 17	 48,5667
CPU	 21	 48,1167
CPU	 23	 47,95
CPU	 25	 47,75
CPU	 27	 47,55
CPU	 31	 47,1166
CPU	 33	 46,8833
CPU	 37	 46,6333
CPU	 39	 51,0167
CPU	 35	 51,5167
CPU	 43	 50,95
CPU	 41	 55,6
CPU	 45	 65,1333
IO	 0	 74,6667
IO	 2	 74,5
IO	 4	 74,35
IO	 6	 74,1833
IO	 8	 74,0167
IO	 10	 73,85
IO	 12	 73,6833
IO	 14	 72,25
IO	 16	 72,0667
IO	 18	 71,9
IO	 20	 71,7
IO	 22	 71,5167
IO	 24	 71,3333
IO	 26	 71,1333
IO	 28	 70,9334
IO	 30	 70,7333
IO	 32	 70,5167
IO	 34	 70,3167
IO	 36	 70,0833
IO	 38	 69,85
IO	 40	 69,6333
IO	 42	 69,4
IO	 44	 69,1667
IO	 46	 64,2
IO	 48	 59
IO	 50	 54,25
IO	 52	 48,6166
IO	 54	 28,8833
IO	 56	 24,7333
IO	 58	 24,4667
CPU	 47	 64,2334
CPU	 49	 55,3667
CPU	 51	 55,1667
CPU	 53	 40,8667
CPU	 55	 28,25
CPU	 59	 28,1
CPU	 57	 28,3833
