CPU	 1	 44,65
CPU	 3	 44,6166
CPU	 5	 44,5833
CPU	 7	 44,5667
CPU	 9	 44,5167
CPU	 11	 44,4667
CPU	 13	 44,4
CPU	 15	 44,3167
CPU	 17	 44,25
CPU	 19	 44,2167
CPU	 21	 44,15
CPU	 39	 41,3167
CPU	 41	 41,2334
CPU	 43	 41,1667
CPU	 23	 46,9667
CPU	 25	 44,5333
CPU	 27	 44,4667
CPU	 29	 44,4
CPU	 37	 46,3333
CPU	 45	 45,5333
CPU	 31	 55,7334
CPU	 33	 55,7
CPU	 47	 55,2167
CPU	 49	 45,2833
CPU	 35	 66,0667
CPU	 51	 54,8334
CPU	 53	 42,5
CPU	 55	 42,4167
CPU	 59	 42,25
CPU	 61	 42,1167
CPU	 63	 42
CPU	 65	 41,8667
CPU	 67	 41,7833
CPU	 57	 42,35
CPU	 69	 45,35
CPU	 79	 41,7833
CPU	 73	 46,55
CPU	 75	 46,2833
CPU	 77	 46,05
CPU	 71	 51,6334
CPU	 81	 50,25
CPU	 83	 45,7333
CPU	 85	 45,4833
CPU	 87	 45,3667
CPU	 89	 45,3333
CPU	 91	 50,0333
CPU	 93	 52,1167
IO	 0	 129,1
IO	 2	 128,983
IO	 4	 128,883
IO	 6	 128,767
IO	 8	 128,65
IO	 10	 129,15
IO	 12	 129
IO	 14	 128,867
IO	 16	 128,733
IO	 18	 128,6
IO	 20	 128,45
IO	 22	 128,3
IO	 24	 125,783
IO	 26	 125,633
IO	 28	 125,483
IO	 30	 125,317
IO	 32	 125,15
IO	 34	 124,967
IO	 36	 124,8
IO	 38	 124,6
IO	 40	 124,45
IO	 42	 124,25
IO	 44	 124,067
IO	 46	 119,117
IO	 48	 113,95
IO	 50	 103,683
IO	 52	 84,05
IO	 54	 81,1833
IO	 56	 80,95
IO	 58	 80,7167
IO	 60	 80,4834
IO	 62	 80,2667
IO	 64	 80,0333
IO	 66	 79,8
IO	 68	 79,5667
IO	 70	 76,0833
IO	 72	 75,85
IO	 74	 75,6
IO	 76	 75,3333
IO	 78	 75,1
IO	 80	 74,8166
IO	 82	 70,35
IO	 84	 70,0833
IO	 86	 69,8
IO	 88	 65
IO	 90	 64,7167
IO	 92	 59,8
IO	 94	 54,9667
IO	 96	 49,9167
IO	 98	 44,6667
CPU	 95	 55
CPU	 97	 50
CPU	 99	 40,45
