CPU	 1	 46,8167
CPU	 3	 46,6167
CPU	 5	 46,4333
CPU	 7	 46,25
CPU	 9	 50,3
CPU	 13	 49,3333
CPU	 15	 49,1667
CPU	 19	 48,9834
CPU	 21	 48,85
CPU	 23	 48,6833
CPU	 25	 48,5
CPU	 27	 48,3
CPU	 29	 48,15
CPU	 31	 48
CPU	 33	 47,8
CPU	 35	 47,6333
CPU	 37	 47,4834
CPU	 11	 54,1833
CPU	 17	 53,7
CPU	 39	 51,2167
CPU	 41	 55,8333
CPU	 43	 55,6166
CPU	 47	 65,6333
CPU	 45	 75,2333
CPU	 49	 65,55
CPU	 51	 65,3667
CPU	 53	 59,8833
CPU	 55	 60,4
CPU	 57	 57,15
CPU	 59	 57
CPU	 61	 56,8167
CPU	 63	 56,6667
CPU	 65	 56,45
CPU	 67	 56,3
CPU	 69	 60,35
CPU	 71	 56,9166
CPU	 73	 56,8167
CPU	 75	 56,6833
CPU	 77	 56,5833
CPU	 83	 56,45
CPU	 81	 60,55
CPU	 79	 65,45
CPU	 85	 60,65
CPU	 87	 60,5667
CPU	 89	 60,6333
CPU	 91	 60,45
CPU	 93	 60,2667
IO	 0	 145,083
IO	 2	 144,95
IO	 4	 144,817
IO	 6	 144,7
IO	 8	 144,567
IO	 10	 143,567
IO	 12	 143,45
IO	 14	 143,3
IO	 16	 143,167
IO	 18	 143,017
IO	 20	 142,867
IO	 22	 142,717
IO	 24	 143,017
IO	 26	 142,85
CPU	 95	 60,15
IO	 28	 142,683
IO	 30	 142,517
IO	 32	 142,35
IO	 34	 142,167
IO	 36	 142,017
IO	 38	 141,817
IO	 40	 141,633
IO	 42	 141,45
IO	 44	 141,267
IO	 46	 136,333
IO	 48	 131,2
IO	 50	 126,333
IO	 52	 120,7
IO	 54	 100,7
IO	 56	 93,2833
IO	 58	 93,0667
IO	 60	 92,85
IO	 62	 92,6167
IO	 64	 92,3667
IO	 66	 92,1167
IO	 68	 91,8333
IO	 70	 88,25
IO	 72	 88,0167
IO	 74	 87,75
IO	 76	 87,5
IO	 78	 87,2167
IO	 80	 86,9
IO	 82	 82,65
IO	 84	 82,3833
IO	 86	 82,1
IO	 88	 77,3
IO	 90	 77,0167
IO	 92	 71,7666
IO	 94	 61,9833
IO	 96	 56,9667
IO	 98	 51,9333
CPU	 97	 57,05
CPU	 99	 52,1
