CPU	 3	 47,4833
CPU	 5	 47,3
CPU	 7	 47,1167
CPU	 9	 46,9833
CPU	 11	 46,8167
CPU	 13	 46,6833
CPU	 15	 46,4667
CPU	 17	 46,3333
CPU	 19	 46,15
CPU	 25	 43,9667
CPU	 27	 43,9333
CPU	 35	 43,8
CPU	 37	 43,7333
CPU	 39	 43,65
CPU	 41	 43,55
CPU	 1	 52,2334
CPU	 21	 47,9167
CPU	 23	 47,7167
CPU	 29	 47,0667
CPU	 31	 46,8167
CPU	 33	 46,8
CPU	 43	 50,3333
CPU	 45	 60,2167
IO	 0	 74,1
IO	 2	 73,95
IO	 4	 73,7833
IO	 6	 73,6167
IO	 8	 73,4667
IO	 10	 73,2833
IO	 12	 73,1333
IO	 14	 72,95
IO	 16	 72,7833
IO	 18	 72,6
IO	 20	 72,4
IO	 22	 70,1
IO	 24	 69,9167
IO	 26	 69,7167
IO	 28	 69,5167
IO	 30	 69,3167
IO	 32	 69,1167
IO	 34	 68,9
IO	 36	 68,6667
IO	 38	 68,4667
IO	 40	 68,2167
IO	 42	 68
IO	 44	 67,7833
IO	 46	 62,7833
IO	 48	 57,5667
IO	 50	 37,4833
IO	 52	 23,9
IO	 54	 23,6334
IO	 56	 23,3834
IO	 58	 23,1167
CPU	 47	 62,8667
CPU	 49	 49,8167
CPU	 51	 31,0833
CPU	 57	 28,1333
CPU	 55	 28,4
CPU	 59	 27,8833
CPU	 53	 28,7
