CPU	 5	 45,1167
CPU	 11	 45,0833
CPU	 27	 44,95
CPU	 1	 50,0166
CPU	 3	 49,8167
CPU	 7	 49,4166
CPU	 9	 49,2167
CPU	 13	 48,8
CPU	 15	 48,6
CPU	 17	 48,4333
CPU	 21	 47,9833
CPU	 25	 47,55
CPU	 29	 47,0833
CPU	 37	 46,5667
CPU	 39	 46,35
CPU	 19	 45,0667
CPU	 23	 45,0333
CPU	 31	 44,9
CPU	 33	 51,3667
CPU	 35	 51,15
CPU	 41	 50,4333
CPU	 43	 56,5167
CPU	 45	 61,25
CPU	 47	 66,05
CPU	 49	 66,1167
CPU	 51	 60,6166
CPU	 73	 45,6334
CPU	 53	 48,9667
CPU	 55	 48,7334
CPU	 57	 48,5
CPU	 59	 48,3167
CPU	 61	 48,1333
CPU	 63	 47,95
CPU	 65	 47,7333
CPU	 67	 47,5167
CPU	 69	 47,3
CPU	 71	 47,0333
IO	 0	 104,433
IO	 2	 104,283
IO	 4	 104,133
IO	 6	 104
IO	 8	 103,833
IO	 10	 103,783
CPU	 75	 50,2833
CPU	 77	 46,55
CPU	 79	 46,3167
IO	 12	 103,65
IO	 14	 103,483
IO	 16	 103,317
IO	 18	 103,15
IO	 20	 102,967
IO	 22	 102,8
IO	 24	 102,65
IO	 26	 102,467
IO	 28	 102,283
IO	 30	 102,1
IO	 32	 101,917
IO	 34	 101,717
IO	 36	 101,517
IO	 38	 101,317
IO	 40	 101,117
IO	 42	 96,5667
IO	 44	 96,3833
IO	 46	 96,15
IO	 48	 90,95
IO	 50	 80,8667
IO	 52	 60,8167
IO	 54	 54,0667
IO	 56	 53,8333
IO	 58	 53,5834
IO	 60	 53,35
IO	 62	 53,0833
IO	 64	 52,85
IO	 66	 52,6
IO	 68	 52,3333
IO	 70	 52,0667
IO	 72	 51,8167
IO	 74	 51,55
IO	 76	 47,7666
IO	 78	 47,5
